image: lingao_map.pgm
resolution: 0.010000
origin: [-6.650000, -8.700000, -0.00]
negate: 0
occupied_thresh: 0.65
free_thresh: 0.196

